.strain_parnames <- c("pa","pb","po","smu","ssigma")

.strain_pars_default <- list(pa=97.18750, pb=0.268908, po=25.625,
                             smu=1.434065, ssigma=0.6612)

.strain_pars_delta <- list(pa = 38.4805, pb=0.468049, po=20, 
                           smu=1.39599, ssigma=0.41354)
